SIZES
  nstack                1703936
  nbuffer               500768
  nplugin               0
  maxuse_stack          120
  maxuse_arena          1032
  maxuse_con            0
  maxuse_efc            0
  solver_iter           0
  solver_nnz            0
  nbodypair_broad       0
  nbodypair_narrow      0
  ngeompair_mid         0
  ngeompair_narrow      0
  ne                    0
  nf                    0
  nefc                  0
  nnzJ                  0
  ncon                  0

TIMER
    0:  duration =  0.061      number = 1
    1:  duration =  0.06       number = 1
    2:  duration =  0          number = 0
    3:  duration =  0.053      number = 1
    4:  duration =  0.0027     number = 1
    5:  duration =  0.00082    number = 1
    6:  duration =  0.00068    number = 1
    7:  duration =  0.00012    number = 1
    8:  duration =  0.0064     number = 1
    9:  duration =  0.001      number = 1
    10:  duration =  0.042      number = 1
    11:  duration =  0.0031     number = 1
    12:  duration =  6.7e-05    number = 1

ENERGY =   0         0       

TIME =  11      

QPOS
  -6.2e-35 
   0.052   
   0.014   
  -9.2e-05 
   9.5e-06 
   4.4e-19 

QVEL
  -1.4e-49 
  -3.2e-16 
  -6.8e-17 
  -5e-19   
   7.3e-20 
   4e-33   

QACC_WARMSTART
   0       
   0       
   0       
   0       
   0       
   0       

CTRL
   0       
   0       
   0       
   0       
   0       
   0       

QFRC_APPLIED
   0       
   0       
   0       
   0       
   0       
   0       

XFRC_APPLIED
   0         0         0         0         0         0       
   0         0         0         0         0         0       
   0         0         0         0         0         0       
   0         0         0         0         0         0       
   0         0         0         0         0         0       
   0         0         0         0         0         0       
   0         0         0         0         0         0       
   0         0         0         0         0         0       
   0         0         0         0         0         0       
   0         0         0         0         0         0       

QACC
   0       
   0       
   0       
   0       
   0       
   0       

SENSOR
  -1.8     
   1.2e-06 
   0.12    

XPOS
   0         0         0       
   0         0.3       0.74    
   0         0.3       0.9     
   8.6e-36   0.44      0.9     
   0.42      0.31      0.88    
   0.82      0.31      0.85    
   0.82      0.43      0.85    
   0.81      0.43      0.75    
  -0.7      -0.23      0.74    
  -0.3       0         0.75    

XQUAT
   1         0         0         0       
   1         0         0         0       
   1         0         0        -3.1e-35 
   0.69      2.3e-35   0.73     -2.1e-35 
   0.68      2.3e-35   0.73     -2.1e-35 
  -0.033     3.1e-35   1         1e-36   
  -0.033     4.7e-06   1        -1.6e-07 
  -0.033     4.7e-06   1        -1.6e-07 
   0.71      0         0        -0.71    
   0.5       0.5      -0.5      -0.5     

XMAT
   1         0         0         0         1         0         0         0         1       
   1         0         0         0         1         0         0         0         1       
   1         6.2e-35   0        -6.2e-35   1        -0        -0         0         1       
  -0.052     6.2e-35   1         3.2e-36   1        -6.2e-35  -1         5.3e-51  -0.052   
  -0.067     6.2e-35   1         4.1e-36   1        -6.2e-35  -1         0        -0.067   
  -1         6.2e-35  -0.066     6.2e-35   1         4.1e-36   0.066     6.7e-52  -1       
  -1         9.5e-06  -0.066     9.5e-06   1         0         0.066    -6.3e-07  -1       
  -1         9.5e-06  -0.066     9.5e-06   1         0         0.066    -6.3e-07  -1       
   0.0008    1         0        -1         0.0008   -0        -0         0         1       
   6.3e-07   0.0008   -1        -1         0.0008    5.6e-17   0.0008    1         0.0008  

XIPOS
   0         0         0       
   0         0.3       0.74    
   0         0.3       0.9     
   0.21      0.44      0.89    
   0.62      0.31      0.87    
   0.82      0.43      0.85    
   0.81      0.43      0.75    
   0.81      0.51      0.75    
  -0.1       0.17      0.58    
  -0.3      -0.018     0.92    

XIMAT
   1         0         0         0         1         0         0         0         1       
   1         0         0         0         1         0         0         0         1       
   1         6.2e-35   0        -6.2e-35   1        -0        -0         0         1       
  -0.052     6.2e-35   1         3.2e-36   1        -6.2e-35  -1         5.3e-51  -0.052   
  -0.067     6.2e-35   1         4.1e-36   1        -6.2e-35  -1         0        -0.067   
  -1         6.2e-35  -0.066     6.2e-35   1         4.1e-36   0.066     6.7e-52  -1       
  -1         9.5e-06  -0.066     9.5e-06   1         0         0.066    -6.3e-07  -1       
   9.5e-06   1        -0.066     1        -9.5e-06   0        -6.3e-07  -0.066    -1       
  -2.5e-17  -0.0008   -1         0         1        -0.0008    1         0         2.5e-17 
  -0.76     -0.64     -0.059    -0.63      0.73      0.26     -0.12      0.24     -0.96    

XANCHOR
   0         0.3       0.9     
   8.6e-36   0.44      0.9     
   0.42      0.31      0.88    
   0.82      0.31      0.85    
   0.82      0.43      0.85    
   0.81      0.43      0.75    

XAXIS
   0         0         1       
   6.2e-35   1         0       
   6.2e-35   1         5.3e-51 
   6.2e-35   1         3.3e-52 
  -0.066     4.1e-36  -1       
   9.5e-06   1        -6.3e-07 

GEOM_XPOS
   0.5       0         0       
   0         0.5       0       
   0         0         0.5     
   0         0         0       
   6.7e-07   0.3       0.83    
   1.5e-07   0.3       0.77    
   0.00016   0.29      0.95    
   1e-06     0.37      0.9     
  -5e-05     0.3       0.88    
   0         0.3       0.86    
   0.21      0.44      0.89    
   0.3       0.41      0.89    
   0.21      0.42      0.89    
   0.21      0.48      0.89    
   6.1e-36   0.4       0.9     
   0.2       0.44      0.89    
   0.82      0.27      0.85    
   0.63      0.31      0.87    
   0.68      0.32      0.86    
   0.59      0.32      0.87    
   0.42      0.39      0.88    
   0.62      0.31      0.87    
   0.81      0.43      0.81    
   0.82      0.44      0.89    
   0.81      0.42      0.84    
   0.82      0.36      0.85    
   0.81      0.48      0.76    
   0.81      0.39      0.75    
   0.81      0.45      0.76    
   0.81      0.43      0.81    
   0.81      0.45      0.75    
   0.81      0.51      0.76    
   0.81      0.51      0.75    
  -0.1       0.17      0.58    
  -0.3      -0.018     0.92    

GEOM_XMAT
   2.2e-16  -0        -1         0         1        -0         1         0         2.2e-16 
   1         0         0         0         2.2e-16  -1         0         1         2.2e-16 
   1         0         0         0        -1        -1.2e-16   0         1.2e-16  -1       
   1         0         0         0         1         0         0         0         1       
  -1.1e-05  -0.96      0.28     -2e-06    -0.28     -0.96      1        -1.1e-05   1.1e-06 
   9.9e-06   0.61      0.79     -1.9e-05  -0.79      0.61      1        -2.1e-05   3.7e-06 
   0.0014   -0.99     -0.16     -0.32      0.16     -0.93      0.95      0.055    -0.32    
  -9.8e-06  -0.99      0.17      1        -1.2e-05  -1.4e-05   1.6e-05   0.17      0.99    
  -0.002     0.053     1         0.74      0.68     -0.034    -0.68      0.74     -0.04    
   1         6.2e-35   0        -6.2e-35   1        -0        -0         0         1       
  -0.049    -0.018     1        -0.35      0.94      0.00031  -0.94     -0.35     -0.052   
  -0.052     0.18      0.98     -0.00048   0.98     -0.18     -1        -0.0097   -0.051   
   0.0095    0.052     1         1        -0.0018   -0.0094    0.0013    1        -0.052   
   0.00036   0.052     1         1        -0.00048  -0.00033   0.00046   1        -0.052   
  -0.052     1         0         0         0        -1        -1        -0.052     0       
  -0.052     6.2e-35   1         3.2e-36   1        -6.2e-35  -1         5.3e-51  -0.052   
  -0.31      0.21      0.93      0.95      0.045     0.3       0.021     0.98     -0.21    
  -0.015     0.065     1         0.97      0.24     -0.00062  -0.23      0.97     -0.067   
  -0.067    -0.15      0.99      0.0049    0.99      0.15     -1         0.015    -0.066   
  -0.02      0.067     1         1        -0.00077   0.02      0.0021    1        -0.067   
  -0.067     1         0         0         0        -1        -1        -0.067     0       
  -0.067     6.2e-35   1         4.1e-36   1        -6.2e-35  -1         0        -0.067   
  -0.067    -0.39     -0.92     -0.00015  -0.92      0.39     -1         0.026     0.061   
  -0.064     1        -0.057    -0.3      -0.073    -0.95     -0.95     -0.043     0.31    
  -0.056     1         0.034    -0.51      0.00025  -0.86     -0.86     -0.066     0.51    
  -1        -0.066     0         0         0        -1         0.066    -1         0       
  -1.1e-05   0.97     -0.24      1         1.1e-05   7.8e-08   2.7e-06  -0.24     -0.97    
   0.021     0.98     -0.17      0.95      0.033     0.3       0.3      -0.17     -0.94    
  -0.048     1         0.046    -0.69     -0.00027  -0.72     -0.72     -0.066     0.69    
  -1         9.5e-06  -0.066     9.5e-06   1         0         0.066    -6.3e-07  -1       
  -1        -0.066    -9.5e-06   9.5e-06   0        -1         0.066    -1         6.3e-07 
  -0.00015   0.96     -0.29      1         0.0016    0.0046    0.0049   -0.29     -0.96    
  -1        -0.066    -9.5e-06   9.5e-06   0        -1         0.066    -1         6.3e-07 
  -2.5e-17  -0.0008   -1         0         1        -0.0008    1         0         2.5e-17 
  -0.76     -0.64     -0.059    -0.63      0.73      0.26     -0.12      0.24     -0.96    

SITE_XPOS
   0.81      0.43      0.75    

SITE_XMAT
  -0.066    -9.5e-06  -1        -8.5e-22  -1         9.5e-06  -1         6.3e-07   0.066   

LIGHT_XPOS
   0        -1         2       
   0.4      -0.2       5.5     
   0         0         1.5     

LIGHT_XDIR
   0.39      0.7      -0.6     
  -0.072     0.036    -1       
   0         0        -1       

SUBTREE_COM
  -0.091     0.17      0.59    
   0.25      0.37      0.85    
   0.31      0.39      0.88    
   0.4       0.42      0.87    
   0.72      0.38      0.83    
   0.81      0.44      0.8     
   0.81      0.44      0.75    
   0.81      0.51      0.75    
  -0.1       0.17      0.58    
  -0.3      -0.018     0.92    

CDOF
   0         0         1        -0.073     0.25      0       
   6.2e-35   1         0        -0.052     3.2e-36  -0.25    
   6.2e-35   1         5.3e-51  -0.03      1.9e-36   0.17    
   6.2e-35   1         3.3e-52  -0.0038    2.3e-37   0.56    
  -0.066     4.1e-36  -1        -0.06      0.56      0.004   
   9.5e-06   1        -6.3e-07   0.096    -5.6e-07   0.56    

CINERT
   0         0         0         0         0         0         0         0         0         0       
   0.075     0.31      0.29     -0.074    -0.11     -0.033    -1        -0.29     -0.44      4       
   0.04      0.26      0.26     -0.069     0.049     0.014    -0.94     -0.27      0.19      3.7     
   0.065     0.16      0.18      0.022     0.02     -0.022    -0.35      0.54      0.34      8.4     
   0.015     0.34      0.35      0.055    -0.012     0.0025    0.83     -0.15      0.038     2.3     
   0.0071    0.39      0.39     -0.042    -0.0026   -0.00028   0.69      0.074     0.0046    1.2     
   0.018     0.39      0.38     -0.041     0.065     0.0071    0.68      0.074    -0.12      1.2     
   0.0054    0.06      0.062    -0.014     0.01      0.0025    0.1       0.026    -0.018     0.19    
   54        1e+02     1.2e+02  -0.038    -4.4e-15  -1.1e-18   0         0         0         6.2e+02 
   0.068     0.063     0.044     0.012     0.0017    0.0046    0         0         0         7.5     

ACTUATOR_LENGTH
  -6.2e-35 
   0.052   
   0.014   
  -9.2e-05 
   9.5e-06 
   4.4e-19 

ACTUATOR_MOMENT
   1         0         0         0         0         0       
   0         1         0         0         0         0       
   0         0         1         0         0         0       
   0         0         0         1         0         0       
   0         0         0         0         1         0       
   0         0         0         0         0         1       

CRB
   0         0         0         0         0         0         0         0         0         0       
   0.23      1.9       1.9      -0.16      0.017    -0.029    -2.2e-16  -9.4e-16  -1e-15     21      
   0.15      1.6       1.6      -0.088     0.13      0.0038    1         0.29      0.44      17      
   0.11      1.3       1.4      -0.019     0.081    -0.01      2         0.57      0.25      13      
   0.046     1.2       1.2      -0.042     0.06      0.012     2.3       0.023    -0.092     4.9     
   0.031     0.84      0.84     -0.097     0.072     0.0093    1.5       0.17     -0.13      2.6     
   0.024     0.45      0.44     -0.055     0.075     0.0096    0.78      0.1      -0.14      1.4     
   0.0054    0.06      0.062    -0.014     0.01      0.0025    0.1       0.026    -0.018     0.19    
   54        1e+02     1.2e+02  -0.038    -4.4e-15  -1.1e-18   0         0         0         6.2e+02 
   0.068     0.063     0.044     0.012     0.0017    0.0046    0         0         0         7.5     

QM
   3.5       0.051     0.03      0.02     -0.0054   -8.3e-11 
   0.051     3.3       1.2       0.018    -0.0014    0.00013 
   0.03      1.2       0.64      0.019    -0.0015    0.00013 
   0.02      0.018     0.019     0.12     -0.0015    0.00013 
  -0.0054   -0.0014   -0.0015   -0.0015    0.1       2.1e-19 
  -8.3e-11   0.00013   0.00013   0.00013   2.1e-19   0.1     

QLD
   3.5      -0.00045   0.042     0.17     -0.052    -8.3e-10 
  -0.00045   1.2       1.8       0.15     -0.013     0.0013  
   0.042     1.8       0.64      0.16     -0.014     0.0013  
   0.17      0.15      0.16      0.12     -0.014     0.0013  
  -0.052    -0.013    -0.014    -0.014     0.1       2.1e-18 
  -8.3e-10   0.0013    0.0013    0.0013    2.1e-18   0.1     

QLDIAGINV
   0.29    
   0.86    
   1.6     
   8.4     
   9.7     
   10      

QLDIAGSQRTINV
   0.54    
   0.93    
   1.3     
   2.9     
   3.1     
   3.2     

D_rownnz              6 6 6 6 6 6

D_rowadr              0 6 12 18 24 30

D_colind              0 1 2 3 4 5 0 1 2 3 4 5 0 1 2 3 4 5 0 1 2 3 4 5 0 1 2 3 4 5 0 1 2 3 4 5

B_rownnz              6 6 6 6 6 6 6 6 0 0

B_rowadr              0 6 12 18 24 30 36 42 48 48

B_colind              0 1 2 3 4 5 0 1 2 3 4 5 0 1 2 3 4 5 0 1 2 3 4 5 0 1 2 3 4 5 0 1 2 3 4 5 0 1 2 3 4 5 0 1 2 3 4 5

QDERIV
   0         0         0         0         0         0       
   0         0         0         0         0         0       
   0         0         0         0         0         0       
   0         0         0         0         0         0       
   0         0         0         0         0         0       
   0         0         0         0         0         0       

QLU
   0         0         0         0         0         0       
   0         0         0         0         0         0       
   0         0         0         0         0         0       
   0         0         0         0         0         0       
   0         0         0         0         0         0       
   0         0         0         0         0         0       

CONTACT
ACTUATOR_VELOCITY
  -1.4e-49 
  -3.2e-16 
  -6.8e-17 
  -5e-19   
   7.3e-20 
   4e-33   

CVEL
   0         0         0         0         0         0       
   0         0         0         0         0         0       
   0         0        -1.4e-49   1e-50    -3.6e-50   0       
  -2e-50    -3.2e-16  -1.4e-49   1.6e-17  -3.7e-50   8e-17   
  -2.4e-50  -3.8e-16  -1.4e-49   1.8e-17  -3.7e-50   6.9e-17 
  -2.4e-50  -3.8e-16  -1.4e-49   1.8e-17  -3.7e-50   6.8e-17 
  -4.8e-21  -3.8e-16  -7.3e-20   1.8e-17   4.1e-20   6.8e-17 
  -4.8e-21  -3.8e-16  -7.3e-20   1.8e-17   4.1e-20   6.8e-17 
   0         0         0         0         0         0       
   0         0         0         0         0         0       

CDOF_DOT
   0         0         0         0         0         0       
   1.4e-49  -8.8e-84   0         4.6e-85   7.4e-51   1e-50   
   1.4e-49  -8.8e-84   2.4e-66  -1.3e-16   1.3e-50   7e-18   
   1.4e-49  -8.8e-84   0        -2.8e-16   1.8e-50   1.7e-17 
   3.8e-16  -1.4e-50  -2.6e-17  -1.5e-18   1.4e-17  -2.3e-17 
   7.3e-20  -6.9e-25  -1.2e-21  -2.8e-16  -3.6e-21   5.5e-17 

QFRC_BIAS
   6.2e-32 
  -52      
  -14      
   0.092   
  -0.0095  
  -4.4e-16 

QFRC_PASSIVE
   1.4e-47 
   3.2e-14 
   6.8e-15 
   5e-17   
  -7.3e-18 
  -4e-31   

SUBTREE_LINVEL
   0         0         0       
   0         0         0       
   0         0         0       
   0         0         0       
   0         0         0       
   0         0         0       
   0         0         0       
   0         0         0       
   0         0         0       
   0         0         0       

SUBTREE_ANGMOM
   0         0         0       
   0         0         0       
   0         0         0       
   0         0         0       
   0         0         0       
   0         0         0       
   0         0         0       
   0         0         0       
   0         0         0       
   0         0         0       

ACTUATOR_FORCE
   6.2e-32 
  -52      
  -14      
   0.092   
  -0.0095  
  -4.4e-16 

QFRC_ACTUATOR
   6.2e-32 
  -52      
  -14      
   0.092   
  -0.0095  
  -4.4e-16 

QFRC_SMOOTH
   0       
   0       
   0       
   0       
   0       
   0       

QACC_SMOOTH
   0       
   0       
   0       
   0       
   0       
   0       

QFRC_CONSTRAINT
   0       
   0       
   0       
   0       
   0       
   0       

QFRC_INVERSE
   0       
   0       
   0       
   0       
   0       
   0       

CACC
   0         0         0        -0        -0         9.8     
   0         0         0         0         0         9.8     
   0         0         0         0         0         9.8     
  -4.5e-65   2.8e-99   0        -1.5e-100 -2.3e-66   9.8     
  -5.5e-65   3.4e-99  -1.6e-82   9.1e-33  -3.2e-66   9.8     
  -5.5e-65   3.4e-99  -1.6e-82   9.3e-33  -3.2e-66   9.8     
   2.8e-35  -1.1e-69  -1.9e-36   9.3e-33   1e-36     9.8     
   2.8e-35  -2.8e-57  -1.9e-36   9.3e-33   1e-36     9.8     
   0         0         0         0         0         9.8     
   0         0         0         0         0         9.8     

CFRC_INT
  -9.3e-15   3.6e-15   1.8e-32  -6e-31    -7.8e-41   6.4e+03 
  -9.3e-15   3.6e-15   1.8e-32  -6e-31    -7.8e-41   2.1e+02 
   2.9      -10        1.8e-32  -6e-31    -7.8e-41   1.7e+02 
   5.5      -19        1.8e-32  -6e-31    -7.8e-41   1.3e+02 
   0.22     -23        6.5e-33  -4.2e-31  -7.8e-41   48      
   1.7      -14        1.7e-32  -2.6e-31  -7.8e-41   26      
   0.98     -7.7       9.9e-33  -1.4e-31  -7.8e-41   14      
   0.26     -1         2.6e-33  -1.9e-32  -7.8e-41   1.9     
   0         0         0         0         0         6.1e+03 
   0         0         0         0         0         73      

CFRC_EXT
   0         0         0         0         0         0       
   0         0         0         0         0         0       
   0         0         0         0         0         0       
   0         0         0         0         0         0       
   0         0         0         0         0         0       
   0         0         0         0         0         0       
   0         0         0         0         0         0       
   0         0         0         0         0         0       
   0         0         0         0         0         0       
   0         0         0         0         0         0       

