p0.4210279627880483 0.20190210961016702 0.3087705886128763 1716486052.8638034 0.0007902575125043788 0.0007945060586396932 0.9999993721263963
0.43798792808365733 0.15768508770437367 0.30883218138604995 1716486054.032806 0.0007976140469258703 0.0007939852620901709 0.9999993666994175
0.46761855314856393 0.20703187402233236 0.30296647463576715 1716486065.010592 0.0007963023546918347 0.0007963876165366215 0.999999365834461
0.4232215012115669 0.1958815981298109 0.30875271890143696 1716486070.459922 0.0007963965870561566 0.0008036202017285741 0.999999359973319
0.38595869208803685 0.1823167664012013 0.30885076060476035 1716486071.1892586 0.0007963705927503822 0.0007962091009017393 0.9999993659222723
0.4287863325875408 0.19368663260473096 0.308585373969921 1716486072.1461086 0.0007963023547330942 0.0007963876165468877 0.999999365834461
0.4032343810015092 0.15542270543230402 0.3088861942847907 1716486073.1203945 0.0007966489439430416 0.0007966645996966791 0.9999993653377864
0.3859781532509775 0.005182107488995433 0.2238897307009185 1716486084.0604134 0.00040270927075109446 0.8627143258445839 0.5056914373486749
0.1852369013611237 0.24320986939249384 0.10647967895790997 1716486107.074522 0.9999996828867079 5.379578285307797e-09 -0.0007963833772174248
0.4028313699811341 -0.015247419363826425 0.11895091835322515 1716486120.9472828 -1.7347640542366974e-06 0.9999996833878417 -0.0007957519759493727
0.40386816733851744 -0.014993623594989888 0.11840283176961477 1716486123.8163607 -6.459378371713393e-07 0.9999996829274268 -0.0007963319840725822
0.46687046171038493 -0.014473060927030351 0.11919404439747766 1716486126.6284254 -0.06538538509899221 0.9978598102986068 -0.000741893715485148
0.3812215832623145 -0.013263097564310405 0.10441918947404577 1716486160.8159285 7.6896520373465e-06 0.999999689508535 -0.0007879871210102124
0.4194599793485049 -0.014992042928278451 0.11893173047749513 1716486171.2526608 -3.9600565992392415e-07 0.9999996831441824 -0.0007960599085082839
0.4168023887256108 0.21005376793390126 0.30875877405174246 1716486181.837359 0.0007895090539915298 0.0008019525927399438 0.9999993667735458
0.39243187473677904 0.2255503256934331 0.30907768340715236 1716486182.6020474 0.0007950196298488575 0.000796173706431736 0.9999993670254085
0.40904104655758844 0.2861717450750135 0.30503866030752225 1716486184.2279162 0.0007679068321349893 -0.2751005264735219 0.9614151604031883
0.3831314042023667 0.4026249165291399 0.20522883868066374 1716486196.4890378 0.00031672185124514794 -0.9173374687833147 0.39811037169796315
0.3865201630584623 0.4123513361981156 0.1690640174689369 1716486214.4002314 0.0001522335458396783 -0.9824072898873117 0.18675088648039923
0.4360890156058723 0.4132132270681633 0.16220985998635307 1716486219.0357583 0.00012039456946740628 -0.9894459576763577 0.1449023200057993
0.45620631978616494 0.25978010107178445 0.3019091618437371 1716486328.9356105 0.0007933682587450318 -0.08684840892808682 0.9962212226375554
0.4070301529927831 0.2629212815512453 0.3082486368650724 1716486331.5104983 0.0007934224897485932 -0.08606355491223619 0.9962893329734196
0.40650287896374 0.2628583371368008 0.3083095302001163 1716486332.87201 0.0007949708362210891 -0.08587582867462408 0.9963055304829017
0.4058340192459162 0.27336857182418145 0.307476283899293 1716486333.2522354 0.0008331865320868652 -0.15127300889805573 0.9884916704652253
0.4057172446220826 0.2809656757479368 0.3060168793769622 1716486334.940586 0.0004181409570023912 -0.3089131579516175 0.9510901566110856
0.4059079099337279 0.2857838741262619 0.3049354792558529 1716486335.1026745 0.0007815624444359865 -0.1914838354405275 0.9814954558861344
0.4493291238525968 0.29097971744077405 0.3036510721171407 1716486336.4779062 0.0007656520358414776 -0.275100526476815 0.9614151622005653
0.4489514269214055 0.2984725661180437 0.3013348332734581 1716486337.216129 0.000756045951374755 -0.2746267884311263 0.9615505995372917
0.44887383503257866 0.3010895482572476 0.30071872595344507 1716486338.1571763 0.0007783048231915748 -0.2921344353882148 0.956376947600689
0.40678715637691587 0.31644751076124816 0.2931806632184956 1716486340.1235042 0.0006565041817320254 -0.5660388786025817 0.8243782850806972
0.40642028841755573 0.34934013149857557 0.27511931520090904 1716486341.4868207 0.0007382508635813083 -0.6253033829969447 0.7803814030320294
0.4059029552533252 0.3576882950974892 0.2684715149199956 1716486342.4922128 0.0006043532031634087 -0.6511705906123547 0.7589311541100174
0.4057783679554255 0.3606750264956211 0.2660491349125283 1716486343.0479047 0.000714451372538986 -0.6587445316072784 0.7523663546682188
0.3968363273350619 0.35138225599481954 0.2727792895582199 1716486343.209427 0.0006472467811464747 -0.6320142102968398 0.7749565272029563
0.3986186601734963 0.3511798361010605 0.2737811349774316 1716486345.2337818 0.0006732794091280068 -0.6301581885585239 0.7764664861328385
0.35688985355921865 0.3304344393031214 0.2856713274456604 1716486347.2577233 0.0022973916704318344 -0.4432179154641819 0.8964109556465149
0.3602465737605106 0.3085582449697203 0.2977738807881603 1716486348.866314 0.000837697312546926 -0.2790635671228452 0.9602722654371968
0.3605691455030701 0.29471802649872036 0.3025307701842046 1716486349.365299 -0.0004621831066219245 -0.4249302328309422 0.9052259848308695
0.3605207584928493 0.3049697465031778 0.2989402958656117 1716486351.298835 0.0008367575773256885 -0.27927105246905115 0.9602119448796633
0.3396622199012006 0.2600127857602851 0.3003556741335398 1716486353.3199148 0.152912397634872 0.0007870170587515695 0.9882394341725614
0.3219430035876243 0.20755948211736153 0.3065641755148449 1716486355.835021 0.1529926565010399 0.0007847318173101508 0.9882270140270046
0.3218230816839912 0.20734026930430394 0.3065450024513555 1716486356.8062475 0.15296671430203632 0.0007860829274387618 0.9882310288537142
0.3410191619950118 0.2387559674738412 0.3083095268391648 1716486357.9260309 0.0007962720520784874 0.0007963193786431854 0.9999993659129321
0.35949639573287356 0.23855000002462254 0.308579507632716 1716486359.536111 0.0007963705933116986 0.0007952916638020502 0.9999993666523233
0.35997513912139945 0.2385654087291059 0.30873456134714056 1716486360.769482 0.000796064533169273 0.0007963874420370118 0.9999993660239497
0.34049562973600583 0.27259773109303376 0.30559607975532904 1716486361.803521 0.12579331394200058 -0.3206901120960074 0.9387938507315328
0.3257167848339471 0.3103415860047981 0.2951074859899206 1716486363.8430953 0.21841952584823515 -0.4341808749812372 0.8739450088699857
0.3144135723378265 0.3241032157775793 0.2863840268172058 1716486365.3143194 0.21531030826414457 -0.4307986822311641 0.8763868817725945
0.3144129233062763 0.32410920632507856 0.28636962836394514 1716486365.3324223 0.2153348202886728 -0.43073291875139735 0.8764131833074782
0.3209021691009162 0.32841297093486616 0.28588813898412946 1716486365.8379216 0.17168282797139287 -0.4802176833062304 0.860183691556485
0.32615238060407103 0.3340954908575888 0.28365736948503384 1716486367.1493995 0.16180448270031741 -0.4951561282958053 0.8536039585130747
0.32696671560909507 0.33501789456847214 0.2828951046005895 1716486367.524425 0.1547361499238202 -0.505693798277351 0.8487228677787462
0.3283474972063166 0.3370498605949591 0.281984684227617 1716486368.3862357 0.14586851141295865 -0.5181033318142334 0.8427878232041313
0.30642501731005206 0.29702486004458234 0.28992848899301177 1716486369.467839 0.4034758031539841 0.0007288784027898983 0.9149900245388042
0.3058100407207863 0.2937778554052819 0.28918609067583 1716486369.5020547 0.4361152281866844 0.0007168758139555504 0.8998905454735835
0.3253422730340208 0.32857209373140916 0.28641534184100553 1716486371.7639818 0.15677040443880477 -0.49121706215226035 0.8568131874233705
0.325344969864927 0.32857791865312086 0.28642161206852956 1716486372.1879797 0.1567690632097487 -0.4912168454216464 0.8568135570789859
0.36915834244217977 0.3300752693061142 0.2872305656675926 1716486373.991167 0.0007999106940910514 -0.48062091365139686 0.8769281028133254
0.3880834510953833 0.32832605968338974 0.28891784641804913 1716486375.6812956 0.0008017632653550085 -0.48069832424039016 0.8768856699981744
0.38837254609437727 0.32832436697790035 0.2889488637751789 1716486376.4402223 0.0007999242875523032 -0.480555642545987 0.8769638729949756
0.39716961460736816 0.3537037737555247 0.2675404388251925 1716486381.3356848 0.0005548948195994469 -0.8310277988465763 0.5562306083235204
0.39843301219231847 0.37209575738830586 0.2513752928345203 1716486381.6430056 0.0004083792620262377 -0.8584561765000754 0.5128867577304465
0.3967729586757989 0.3345547463522277 0.28397923796700936 1716486383.6716094 0.0026383002547961413 -0.5428650048275839 0.8398158285632114
0.4026139485338453 0.3263277341660982 0.2900784754018962 1716486385.483914 0.0007689742660261261 -0.4099551463603696 0.9121053594027536
0.39151858091344366 0.3166529951345675 0.2928778930001187 1716486385.69644 0.0007398748031896438 -0.4122140918323862 0.91108671106546
0.39236362313093626 0.3007835830582741 0.30049093529988247 1716486387.832885 0.0007743102390676144 -0.23327383762757578 0.9724107759183653
0.3921181227032533 0.27843317806274986 0.3063559219768426 1716486390.1323454 0.0008330200097505696 -0.15133941825799954 0.9884815054208115
0.3919682685721855 0.26801974088217834 0.30788754491729137 1716486391.957456 0.0007873993732831175 -0.14919952359303712 0.9888067971863047
0.391965653436207 0.26697247827054305 0.30808163171129277 1716486392.6547313 0.0007860203377523016 -0.1489673240498802 0.9888418066290718
0.4217762572331195 0.2952683822838403 0.3017801670125917 1716486395.1908631 0.0007239550682835242 -0.4165403351459379 0.9091169479696046
0.4219546604726853 0.3170675778140561 0.2943299505873841 1716486395.97448 0.0007118622829490625 -0.45528533816087674 0.8903453004917958
0.42077022203980863 0.3309852360815128 0.287424369043055 1716486397.6228042 0.0008045844969442564 -0.48007121359231225 0.8772291505209981
0.4207367825370018 0.33282221193183886 0.2865214239696616 1716486397.942255 -5.4573766334746014e-05 -0.5785358640370297 0.8156569444592693
0.46129860402437284 0.3387497278460111 0.2816281766090748 1716486399.7523704 -0.14745930320725256 -0.6153373949540615 0.7743485289382174
0.4670913672490324 0.34489231919423113 0.27657410591073456 1716486402.0038357 -0.15322188780227883 -0.6349231171354759 0.7572289537684601
0.4792459059637033 0.35893968495585515 0.2639758603600679 1716486404.0783453 -0.22150311671409928 -0.7123217055029194 0.6659836012660915
0.486592124863673 0.3679427654666792 0.25309927495597856 1716486405.8278475 -0.2229727493069456 -0.7126876382401169 0.6651011076266724
0.4789049398092381 0.3585222394493476 0.26330338431361117 1716486406.0725648 -0.259085805667954 -0.7073432490675399 0.6576777883583751
0.48883963584360385 0.36019273925885914 0.26001345418621263 1716486408.1352215 -0.2371580759035235 -0.686202649299171 0.6876641412263239
0.48835308520881127 0.35821572480388175 0.26197256015673775 1716486410.4271224 -0.22829921563810776 -0.6814819030673788 0.6953142339479962
0.4892902575433109 0.3582765518857728 0.26146999780387853 1716486412.4203186 -0.21976567215777026 -0.6768569807168021 0.7025437189214477
0.4903055233835657 0.35846422919988363 0.26116067094881557 1716486414.4162889 -0.21142338532421542 -0.6723342169789428 0.7094130340058324
0.4911874755688164 0.35854594511688087 0.2607860526925108 1716486416.4848294 -0.23710859050698743 -0.6631236978432933 0.7099623072152679
0.4948603035063304 0.35802116418026236 0.2601586924199084 1716486417.3211608 -0.23711121583114705 -0.6637218985074803 0.7094022221340311
0.48727397720817645 0.32140234379180654 0.2809508151294306 1716486418.2836554 -0.30807679970142887 -0.3906169703449615 0.8674716525421735
0.50359664217433 0.2880600091700111 0.293745519552307 1716486420.6964576 -0.35789202863849545 -0.05866368704559716 0.9319183803634515
0.47206364348473556 0.20424490949419474 0.3029233201201261 1716486422.3325217 0.0007904840011097033 0.0007905010213458525 0.9999993751213945
0.4400582539638375 0.23526740484470213 0.3032595862148121 1716486423.1985056 0.0007963705926291162 0.0007963193786387782 0.9999993658344623
0.4609142624469255 0.20718773449417197 0.30442889816622154 1716486424.355114 0.000796370592591723 0.0007963876165185052 0.9999993657801207
0.4691137465425082 0.20426365653054893 0.30303643905046795 1716486426.3791695 0.0007977590726681445 0.0007949308995159262 0.9999993658324624
0.422463446078523 0.1978013279976333 0.3085524903580515 1716486428.8440466 0.0007963705927901949 0.0007960903044625098 0.9999993660168521
0.42232388543518884 0.1977817899673004 0.30873938439872145 1716486429.9270737 0.0007963023546933859 0.000796387694275134 0.9999993658343991
0.44800540099630637 0.17370280122561327 0.30887914358864604 1716486430.4280553 0.0007964096488464178 0.0008061393375595656 0.9999993579353137
0.44806728423866243 0.17370347864330804 0.30889492479522 1716486431.2863848 0.0007935880038216055 0.0007963459950318923 0.9999993680253686
0.4626664685094833 0.2178954722459229 0.3084211977731136 1716486432.4154875 -0.10807212365377038 0.0007915717224339447 0.9941427410101493
0.46338393946115874 0.2180453145485601 0.30863287023203584 1716486432.4507704 -0.10844878702895779 0.0007915388202030173 0.9941017221885515
0.49606206747970005 0.22229453068507368 0.29276129250975347 1716486435.3573072 -0.6909388332453525 0.0005752123073542075 0.7229129946572771
0.5716855307425582 0.22167839678852122 0.25532921260839525 1716486437.6452448 -0.779384408224183 0.0005005626981231126 0.6265458432182162
0.5814970933845213 0.22102392948177743 0.24390011343163626 1716486438.6338487 -0.7821418489982835 0.0004999670787657841 0.623100215116691
0.5824438473437571 0.22100327693774766 0.2428090772462715 1716486441.7845404 -0.806072672334664 0.0004671118797819681 0.5918163809170421
0.5847396709612714 0.2209750629062952 0.23967225027556338 1716486442.370454 -0.8011056864087631 0.00047603217984749593 0.598522725213428
0.5846889411437696 0.22096968106631434 0.23960375128663672 1716486442.4024377 -0.8010320093366705 0.0004759271341857138 0.5986213273108629
0.5846225781630574 0.22095830674450356 0.239546712795435 1716486442.4375834 -0.8010037619301801 0.0004756697713587454 0.5986591243036126
0.5846200657130893 0.22097569966021302 0.23951286048900977 1716486442.4553998 -0.8013210930481309 0.0004738858720403772 0.5982343029853178
0.596532790682727 0.21851773741623068 0.18870015452025174 1716486449.2372544 -0.9999996829166293 -6.212565101854724e-09 0.0007963458049243351
0.6151074667500822 0.21781464853129942 0.10998288648815302 1716486451.4035742 -0.9999996829202099 -1.0715454344439845e-08 0.0007963413083725435
0.5968581804094915 0.25109207174265863 0.15864609709367392 1716486471.1546733 -0.9999996829202092 -1.0715079769346347e-08 0.0007963413094429442
0.6151178854356526 0.22597203718970893 0.08750736922790207 1716486473.2748573 -0.9999996829202092 -1.0714843383964336e-08 0.0007963413094492737
0.18669023498200438 0.24004949628060654 0.1086708254547425 1716486480.5140498 0.9999996829225469 5.4154150626287815e-09 -0.0007963383739570605
0.21506314539470234 0.29740015991651275 0.12582500449465187 1716486482.5339265 0.7649955902999697 -0.6439885559304237 0.007777316519783186
0.24928449776637918 0.37567190679179757 0.15625581933980873 1716486490.2878618 0.37555250309259747 -0.9151601582858016 0.14643156117173506
0.29999816429110304 0.4053478753161871 0.169716499229923 1716486494.9317474 0.25113666866133094 -0.9535085276684491 0.16658889914167632
0.195008877970404 0.2797607395580532 0.11017305541704515 1716486499.5632277 0.8671357779541841 -0.4980704237927069 0.0011813275352464275
0.18657757267164626 0.2500216961890681 0.11002266485292264 1716486502.8497136 0.9980600741537973 -0.06225789664920762 -0.00020660332423296933
0.19012204426287532 0.2817195536790872 0.11483551773404034 1716486506.8535883 0.9153115148419145 -0.40274640184156896 -0.0004081684327421925
0.190988313535961 0.2842576674681719 0.1146749840512131 1716486506.8932056 0.9001819707253021 -0.4355138145478432 -0.00037002580786259806
0.18668998251946223 0.23997648819807615 0.10865192131412589 1716486511.4379272 0.9999996829225469 5.41541548535599e-09 -0.0007963383739613243
0.18524008148801646 0.23964106311086733 0.10585960210230626 1716486513.4620712 0.9999996829792591 -6.171981466072063e-08 -0.0007962671520828548
0.1866958663513612 0.239991583393973 0.10950377192830486 1716486527.6316082 0.9999996829225468 5.415415802611996e-09 -0.000796338373960234
0.18523976871348574 0.23997105029821636 0.10683418670400374 1716486529.6573255 0.999999682991515 -7.708837933610606e-08 -0.0007962517590073386
0.38381018982819987 -0.012930965277258455 0.10953660334792475 1716486538.3944743 6.939802982902252e-06 0.9999996889238086 -0.000788735776514767
0.40470056101917884 -0.01520324890697107 0.11998749489165102 1716486540.416274 -2.509053580709515e-06 0.9999996833459895 -0.0007958025040087066
0.35661499098755167 -0.01473928347810878 0.12041647114282042 1716486542.43936 -6.567972919182259e-07 0.9999996827405121 -0.0007965666599023542
0.3573635760824463 -0.014961034528392564 0.11999039385408419 1716486543.3119006 -4.981788736026167e-07 0.9999996828096476 -0.0007964799784799186
0.4050256920655426 -0.014123625939753526 0.12542326233491097 1716486544.4637916 -6.578149247921633e-07 0.9999996829368922 -0.0007963200880431853
0.41317173148731046 -0.014941439157173761 0.1206133479749867 1716486546.4939246 -7.882853821965676e-07 0.9999996800513651 -0.000799935338748651
0.4674809277856229 -0.012397385733520769 0.12375755696246707 1716486548.521343 -0.2800532848253705 0.9599843042998195 -0.0005414392961294834
0.5041819920416746 -0.0057345151773881275 0.1212841510024915 1716486552.5721526 -0.3624392297928077 0.9320072936104715 -0.0004575631988533964
0.5140363664423533 -0.0017973975536091646 0.1207512112994083 1716486554.6023257 -0.36246139685022016 0.9319986743268155 -0.0004548037445203864
0.514990440231441 -0.0018382420121350052 0.1204089794739226 1716486555.4564018 -0.3628113166759569 0.9318625081468908 -0.00046303568423164816
0.47139137900488187 -0.00983187701731178 0.10068107465629995 1716486560.670177 4.238431354751126e-06 0.9999996868511781 -0.0007913782796961396
0.4258114893468031 -0.014763084683511021 0.10032019632880619 1716486573.2023275 -6.682499199231472e-07 0.9999996825453124 -0.0007968116640817748
0.426202111937296 -0.01498913760604495 0.1000362262017375 1716486573.8042688 -7.131607124095899e-07 0.9999996817494592 -0.0007978097969213774
0.37399528926479914 -0.012437148961429764 0.10477688398115585 1716486581.285501 -6.578159005249877e-07 0.9999996829359253 -0.0007963213020257963
0.4083787902022496 0.3087042563207572 0.2818717192186735 1716486585.5886004 0.000670017334964018 -0.7218141492543383 0.6920866166983776
0.46941308071830096 0.20254390056835225 0.3029071838627619 1716486587.471376 0.0007963023546833405 0.0007963876165030844 0.999999365834461
0.5141400481897163 0.20154353898560215 0.29592994583348853 1716486593.306546 -0.3972262791048294 0.0007305307709943598 0.917720409227846
0.5174639766325869 0.194924668178198 0.29479360137230537 1716486594.5581522 -0.3969476322651406 0.0007347916947412191 0.9178409651569623
0.5068499495533755 0.15174640840945522 0.29813483287297604 1716486596.577488 -0.3331210565952872 0.0020055613055151534 0.9428819328933445
0.506968731227231 0.15172672367424847 0.29853511139637773 1716486597.6411562 -0.33203155641198356 0.0020428333106637534 0.9432660665892211
0.5349266835130235 0.18260917411142158 0.28029130330585 1716486598.9599833 -0.7793844082384782 0.0004984202158338761 0.6265458449084519
0.5836825283621676 0.18287926059225904 0.24095916132893147 1716486601.9637325 -0.7932770021299007 0.0004785751542982172 0.6088607138398892
0.5837355684650269 0.18286034622107378 0.24090042557675898 1716486602.1300824 -0.7925561065200708 0.00048510469458289075 0.6097988050916318
0.5836701134147795 0.18285286996115405 0.24081307756097392 1716486602.1474204 -0.7932251232243884 0.00047835250674045545 0.6089283004299711
0.5844148068901532 0.17090820210802504 0.23340461003133978 1716486605.9936092 -0.9466736215458607 0.00025595616495375725 0.3221940234636363
0.608744568124209 0.17206144214136243 0.18959218562376387 1716486607.0698764 -0.9598272066646555 0.00022281229246597849 0.28059166719809625
0.6088204651797525 0.1721459626517617 0.18868418286902153 1716486608.4183512 -0.9630082570217666 0.00021415664610162816 0.26947180009201344
0.6087542722928867 0.17215917131037176 0.18869784102136927 1716486608.4517655 -0.9630338914220405 0.00021390844708567825 0.2693801741325778
0.6086931007738013 0.17216912036009294 0.18870701626843064 1716486608.485158 -0.9630620124029537 0.00021362545933447435 0.26927962163991587
0.6085557628032686 0.17214835711051535 0.18860662826932506 1716486608.5011559 -0.9631035101153418 0.00021368404675188514 0.2691311634549891
0.6113574482755784 0.18439010653257082 0.14342275615971498 1716486610.5250366 -0.9999996829166292 -6.21241885603876e-09 0.0007963458049785664
0.6150329021994656 0.1844133984905181 0.10617909544131827 1716486612.5799522 -0.9999996772342249 1.2602322395704474e-06 0.0008034487277986815
0.6149542118341336 0.1838851417388292 0.05342858271414172 1716486614.9069805 -0.999999682740644 4.32340944872357e-06 0.0007965550322486417
0.6017198153141774 0.2536796455717139 0.12769982397407806 1716486880.3296437 -0.9999996829202092 -1.0715082560343605e-08 0.0007963413094230236
0.6150899515486116 0.22639512402558185 0.0681038342849105 1716486882.6800153 -0.9999996829166261 -1.0712217729134805e-08 0.0007963458088906968
0.6150261972499876 0.22638196308386538 0.06923872639323182 1716486885.6031861 -0.9999996829202092 -1.0714952632069217e-08 0.0007963413094846247
0.6150138223313801 0.22635758570464048 0.06829318187105347 1716486887.7982962 -0.9999996829162193 -4.7489763435335037e-07 0.000796346178258746
0.6150074090684212 0.2263598013779139 0.06807045976191915 1716486887.890608 -0.9999996828397301 -9.700772840678762e-08 0.0007964423583521682
0.6150033172918594 0.22635641568199527 0.06807027643294647 1716486887.921358 -0.9999996831013883 -2.386604482751305e-07 0.0007961137269697768
0.6149965257496308 0.22635444754388126 0.06807192851035143 1716486887.9512534 -0.9999996824175074 -5.960110010201551e-08 0.000796972321510679
0.614989085313534 0.22635360579862931 0.06807356145612144 1716486887.9818723 -0.999999678048724 -6.6322564112325186e-06 0.0008024079146448931
0.6149815540286891 0.22635345229244289 0.06807476110482595 1716486888.0137808 -0.9999996833926169 -1.021744524940505e-07 0.0007957478594172668
0.6149741303601917 0.22635368727327873 0.06807541767145806 1716486888.043742 -0.9999996854192548 -3.1353035795520692e-06 0.0007931907471869755
0.6150893008317918 0.2263608640422722 0.06512260295810937 1716486890.1519196 -0.9999996829200295 1.5149981334791591e-06 0.0007963400941455624
0.6150315101209723 0.2263335660602717 0.05980908468931107 1716486892.390142 -0.9999996829162927 -4.0660951874234646e-07 0.000796346123706553
0.6150987916655699 0.22634692480145074 0.05560166126529196 1716486894.839574 -0.9999996829202098 -1.0715681907269034e-08 0.0007963413087711878
0.6150199542378856 0.22631567337959996 0.0554155170274237 1716486896.5387983 -0.9999996830638069 1.738553209187038e-07 0.0007961609482099793
0.6150783016687364 0.22635044176148195 0.05445285480826555 1716486897.3789208 -0.999999682920209 -1.0715252202647793e-08 0.0007963413095623507
0.6149510320598844 0.22631281280675902 0.05373073067656654 1716486898.1414971 -0.9999996829642684 -1.5983479746878083e-06 0.000796284376316661
0.6148811534213274 0.22630884838237372 0.05377195119786635 1716486898.173645 -0.9999996829918604 -2.437145423725784e-07 0.000796251291708656
0.6147185862632333 0.2262841355425235 0.053707945671996056 1716486898.1912932 -0.999999690064363 -8.760594795458338e-06 0.0007872702394814084
0.469658982124144 0.20197567256160653 0.30290345398706087 1716487875.552695 0.0007963023546805999 0.0007963876165373805 0.999999365834461
0.1862500928183784 0.25143941838355593 0.1118231519915511 1716530045.834292 0.9700415194748186 -0.24292627600187477 -0.0025049796099702844
0.18850282792322537 0.2830413943233165 0.10854423270294893 1716530047.8672845 0.9337787859736553 -0.35785076595207166 9.040510234942974e-05
0.1876477703228378 0.2808026503495483 0.13398698451061322 1716530050.4435174 0.9321763755722332 -0.36200414176108875 -0.0004540625864310965
0.1917132636887497 0.2966210794419969 0.1340240176219537 1716530051.9411402 0.9600491581083437 -0.27983087857277655 -0.0005416757784808097
0.19172716595406814 0.29573123820235825 0.15535645255195163 1716530055.1500096 0.965762783434404 -0.23714859684089243 0.1051797943971577
0.18940676387901167 0.2843615442071968 0.1652215123220786 1716530056.114688 0.9702703427377274 -0.19494918768950928 0.14342341588043975
0.18906428027173078 0.27813757680216183 0.1702870128462004 1716530060.0637858 0.9717665808125266 -0.1847069659869009 0.14680956757597655
0.18918216936646154 0.28235578557444757 0.16588916473466048 1716530064.1267202 0.9718906677419797 -0.1948430264679359 0.13215417130330753
0.19008452442513252 0.2872537435922297 0.16256675625029376 1716530066.4722655 0.9724702818550677 -0.1946799620872387 0.1280674168960897
0.1903582941581434 0.28886440870471214 0.16168537802719576 1716530068.42338 0.9656238157669563 -0.2377202964401771 0.10516514196280971
0.19147841051968728 0.2944348911553796 0.15846695951663717 1716530070.2702622 0.9657320466800702 -0.23734697950810166 0.10501440536185415
0.19142108171967848 0.29456482495296377 0.158451087456988 1716530070.412437 0.9657446461837024 -0.23729934874516947 0.10500617816411667
0.19323435232121755 0.2872642514657659 0.1797958170609284 1716530073.0231981 0.8875245616017753 -0.33075773512764894 0.3207794775337174
0.20269187329463104 0.29747293598813623 0.20323670172003144 1716530074.659316 0.8837802076846 -0.2795173576179619 0.375236713682494
0.2048336707734199 0.29165145946867704 0.21236482512312665 1716530076.775719 0.8802356920245361 -0.2748158729839865 0.38686090839232573
0.20518088410040772 0.2915077619098725 0.21319568734106448 1716530078.651688 0.8808137413892274 -0.2719223617732788 0.3875891925061296
0.20524389466317933 0.29150424429024013 0.21318034488603804 1716530078.819926 0.880674905766721 -0.2721959476533061 0.38771262093707487
0.20516749242365256 0.2920735363134508 0.2127033643180826 1716530079.9249797 0.8811845799663202 -0.2689374615382632 0.388826925264873
0.2052903387063494 0.2920552309321943 0.21269293478270368 1716530080.2205284 0.8809317456275851 -0.26953450732605194 0.3889863865304778
0.20546978193131613 0.2920445283232399 0.21270789148935512 1716530080.2354774 0.8813816702591771 -0.2684355199980276 0.3887270545441001
0.21315436489772244 0.2808696157186659 0.22924000985156548 1716530082.3383503 0.7507556158126841 -0.0648640782904396 0.6573877521472767
0.23178522376767147 0.25389707834142505 0.259668145005742 1716530085.023109 0.6923435729217216 -0.003798340212202684 0.7215580015810352
0.23941909516656487 0.2447737657952807 0.2669735312160388 1716530086.4497316 0.6840887114140174 0.0005812760084226583 0.7293985858459773
0.24028042064991925 0.24350607693286952 0.26779959295806793 1716530088.0709012 0.681930728254111 0.0005732316884780783 0.7314165388260299
0.24005056753984266 0.2440071329885898 0.26753297694571554 1716530088.507198 0.6802084701644386 0.0005874064298098056 0.7330184800332393
0.23900268926375762 0.24557184074732852 0.26658381791777663 1716530090.6780453 0.676978683730107 0.0005865300856494559 0.7360023897770377
0.23849353134644208 0.24715828798933726 0.2660880319037253 1716530092.658283 0.6783582495632742 0.0005855186108741063 0.7347310680904999
0.18662663634272375 0.24633429295649378 0.11039276804896804 1716530102.7471962 0.9999996829030622 -1.909096130206855e-08 -0.0007963628413212669
0.18522995385658042 0.2474884673464073 0.107449150408063 1716530104.779948 0.9999996830438013 -1.4266111828608846e-07 -0.0007961860817812519
0.18493660685385283 0.2469622815404039 0.1350670353036661 1716530106.2243881 0.9999996830593715 -1.6219003112796138e-07 -0.0007961665217567373
0.1866961752733716 0.2413114143638325 0.10917689313242 1716530127.488694 0.9999996829225469 5.4154156756411086e-09 -0.0007963383739611129
0.18523961766330657 0.24186851031508216 0.10651142004320865 1716530129.5163846 0.9999996817256632 8.196158925536626e-09 -0.000797839941476693
0.18507672871674702 0.2414415218641885 0.13589362634683175 1716530131.5530105 0.9999996881526941 6.540256719652879e-06 -0.0007897162399097777
0.18497194327554284 0.24224257782043748 0.13572294689244424 1716530133.2933793 0.9999996829099117 9.379285507350472e-09 -0.0007963542403703372
0.18669562106959822 0.23993132229450703 0.11099785375957459 1716530136.3098357 0.9999996829225468 5.415415513181214e-09 -0.0007963383739583747
0.18523962417311263 0.2399028731570666 0.10856504362019617 1716530138.3409982 0.9999996825005748 3.3754860528173274e-09 -0.0007968680879699613
0.18670057247768057 0.2395069337422632 0.11061794200600765 1716530143.167777 0.9999996829225468 5.415415737983849e-09 -0.0007963383739591876
0.18524018195092531 0.239524933601536 0.10818607461178138 1716530145.1966007 0.9999996829226339 -1.4958807641076875e-07 -0.0007963382505257625
0.579872835142602 0.30424454746018464 0.1320062070910783 1716530153.5025997 -0.6595277528953879 -0.7516793733227349 0.0011237801833927673
0.5381422461055531 0.3864325916955434 0.077559473294172 1716530156.3821304 -0.32183799123297196 -0.9467942156749278 0.0010102294906265635
0.49210653326734166 0.40889208985040193 0.07806532000172955 1716530159.629166 -0.19509203779601686 -0.9807844921131943 0.0009363860642478126
0.4745344701188788 0.4125575426758398 0.07300363797640294 1716530161.6749434 -0.15211997277725464 -0.9883616185873396 0.0009081771093121071
0.46973145559165935 0.41320215866462306 0.07129178659806598 1716530164.4066792 -0.13715557620652016 -0.9905491168546883 0.0008916354944137408
0.4676625540178091 0.4133868521582821 0.06778431884580689 1716530166.4532042 -0.12950841012719436 -0.9915779182193319 0.0008965523646567376
0.46669078624891003 0.41349289473453443 0.06429070988321378 1716530168.490848 -0.11507196890390377 -0.9933567651558154 0.0008826617434076732
0.46502529990297775 0.4137067379427416 0.06061294500927469 1716530170.5929687 -0.10845773002451178 -0.9941006739441972 0.0008779872568205494
0.4663362260701348 0.41358136682720303 0.061253348290457144 1716530173.8152614 -0.10534558492830672 -0.9944352873588769 0.0008757805552055286
0.46664693576377964 0.4134774252338457 0.06378334804218186 1716530176.2837205 -0.1040027927976406 -0.9945766160738881 0.0008796870495407395
0.46686295181357396 0.41343154652130687 0.06427562784040754 1716530176.830914 -0.10443346388914801 -0.9945314898166198 0.0008760041375132299
0.4668623104669012 0.41339674216892774 0.06426794276248747 1716530176.8643205 -0.10463833876332873 -0.9945099556823698 0.0008752768144666686
0.4668555914928853 0.4133599924379713 0.0642587955337594 1716530176.8975565 -0.10468256538349278 -0.9945053013132025 0.0008753083271027866
0.4668412707821302 0.4133180855923283 0.06425152521066566 1716530176.9321563 -0.10471218612127518 -0.9945021829418422 0.0008753294316960096
0.466810503911574 0.41324331370582656 0.0641927806096234 1716530176.9510202 -0.10504791696169079 -0.9944667759767827 0.0008755685886383956
0.4918212884241377 0.4076593243668769 0.07603381122304456 1716530184.2046626 -0.4148863424674418 -0.909872633833625 0.0010550045739386028
0.5305098036548701 0.3935001256454077 0.09565324405220121 1716530190.2559 -0.518773986598995 -0.8549107287972507 0.0010938992366305333
0.5453252992557039 0.3842237430594516 0.11366146970023328 1716530195.4523678 -0.5913091633488315 -0.8064441917621584 0.0011130645910017107
0.5557921626132853 0.37625150282010045 0.1322606532420039 1716530200.5884082 -0.6592109832621991 -0.7519571966095072 0.0011198275116274291
0.565381356770065 0.36740590877389057 0.15116307361124232 1716530205.921782 -0.6914756920287088 -0.7214499675379504 0.03703122564685571
0.5694605691622765 0.3632667822558948 0.1489067590699659 1716530208.3529422 -0.6614302322475882 -0.7120166436892504 0.23567423910643423
0.5664473143960548 0.3583446951238144 0.18719566883755392 1716530216.4627254 -0.7231955207700577 -0.6457582620941106 0.24491734457836867
0.5732009107578316 0.34897098474858756 0.19132643483076917 1716530220.4163318 -0.7515375915357717 -0.594749557435964 0.28541936240965965
0.5732057369014754 0.3375788820787663 0.20997425084886656 1716530228.627923 -0.7514265098149244 -0.5038139868944908 0.42606298472976867
0.5721356246128314 0.3234773057812146 0.22733265743035233 1716530235.8327267 -0.7426817647691171 -0.4523018313618162 0.4938085151414231
0.5682011723034059 0.3129301183075229 0.24077356613499473 1716530244.5341773 -0.7191798119944609 -0.3509321230561991 0.5996891219847835
0.5656576490909813 0.2990194156586487 0.2508932564866601 1716530249.1659815 -0.6988281207832969 -0.3279441310793419 0.6356822354707587
0.566354371517472 0.2963678553886858 0.25115936537442335 1716530251.747465 -0.6906406153420865 -0.31067963389007125 0.6530648555280214
0.5676198801595168 0.2943689549599109 0.2507822685135468 1716530254.6953042 -0.7220210245492084 -0.2704871091977493 0.6368063786322781
0.5707326636529221 0.28873778980102205 0.2494278186994916 1716530257.4080114 -0.7296679875315623 -0.27470176375771393 0.6261977075653034
0.5708327632979642 0.2887934728654373 0.24953541320000772 1716530257.4293325 -0.7295352308865124 -0.274432485810751 0.6264703964491022
0.5671923770697771 0.2791181092951004 0.25535729382465716 1716530258.7922187 -0.6786994168168543 -0.2583450923870038 0.6874772104237438
0.568162313351048 0.2790965781438725 0.2549590784839234 1716530261.9673502 -0.7512486320890563 -0.12469157636032745 0.6481338623842287
0.5755478672134305 0.26622476976520404 0.249995376351676 1716530262.9622905 -0.764422885021083 -0.09517037353562058 0.6376521409492284
0.5790159448879195 0.25873057611418565 0.24687982247251386 1716530266.6817806 -0.7795716071174353 -0.0606500725605592 0.6233696159380391
0.5803276806049474 0.2570546742120893 0.24551681526947172 1716530267.6808312 -0.7923866631357157 -0.0382899128155717 0.6088162766066804
0.5821361778342247 0.25139594944521054 0.24325593814139274 1716530270.3418694 -0.8010815715803474 -0.04140176778043577 0.5971216034435664
0.5818474745673219 0.2513022837785336 0.24371885913882363 1716530270.919333 -0.8022202614838259 -0.041490077386127824 0.5955847761178213
0.5818589598123438 0.2513238775157029 0.24378020003818035 1716530270.9746237 -0.8023005147870864 -0.04151788891148465 0.5954747256372096
0.5796674873972842 0.25203960583149454 0.244963340653134 1716530272.381532 -0.7681925328981966 -0.06106994031215115 0.6372995330217367
0.5814119849627307 0.2566641152389279 0.24399860956686026 1716530275.5108032 -0.8039276307210227 -0.041145172681444554 0.5933021484271715
0.5838744325750465 0.25404205780501066 0.24063967120607754 1716530278.1631627 -0.81196552234124 -0.04367287627966414 0.5820693003471139
0.5836607815840081 0.25393296200431525 0.2409897019485621 1716530279.1297126 -0.8109149944093689 -0.04337777320051735 0.5835539740540013
0.5835997138269395 0.2539219453096561 0.24093688353806098 1716530279.1940613 -0.810897721609224 -0.04339335606849371 0.5835768173411983
0.5835534279183476 0.2539175425288225 0.2408549587623061 1716530279.230919 -0.8110466765426155 -0.04377129608654573 0.5833415484157474
0.5918574412202771 0.24265017088111965 0.227314039764697 1716530280.2059557 -0.9150530722690842 0.00031721601284485847 0.40333332902812713
0.6033796926200323 0.2374464218735246 0.20505758364461585 1716530282.398182 -0.9181461591470592 0.0003149925060615006 0.3962417585555871
0.6009998711407999 0.23658944108382313 0.21111935685403888 1716530292.5773594 -0.9024202494373608 0.0003425072858472127 0.4308567930231235
0.6004037871024814 0.23669780645536723 0.2124875272235415 1716530297.921935 -0.8965499852639803 0.00034753048598072677 0.44294243773397723
0.6007902212083074 0.2368264971960465 0.21163934969598203 1716530301.0287092 -0.9149840432797837 0.00032039901731351197 0.4034898981236692
0.6015191987596451 0.23656728523557546 0.20968831847347263 1716530303.9824662 -0.9200138740730927 0.0003115226952002144 0.3918856650435562
0.601479049667148 0.23650629255218109 0.20986199667923222 1716530304.554477 -0.9191606138901715 0.0003131135021855737 0.3938828097708477
0.6014591702214538 0.23651133145844536 0.20985814969598415 1716530304.5995443 -0.9191198885139086 0.00031318919232797734 0.3939778324356716
0.6079241186921747 0.24615936364417226 0.18425203210210808 1716530306.0095131 -0.9997443036943631 1.7367253053751166e-05 0.022612539199566257
0.6150820737520973 0.24561525506030937 0.13293791003008296 1716530308.0494912 -0.9999996829202094 -1.071496418270523e-08 0.0007963413092721677
0.6151641518503573 0.24450808249625736 0.10029713295706859 1716530310.349395 -0.9999996829202094 -1.0715608168799908e-08 0.0007963413091470134
0.6150750004379164 0.24426714001212813 0.11258050064325953 1716530317.486645 -0.9999996827032932 -2.7808709244563685e-07 0.0007966136051096505
0.6150220126820902 0.24422027894866277 0.10926449720137145 1716530319.6191602 -0.9999996829203149 1.8006736605675682e-07 0.000796341156419613
0.6149753858090553 0.24417015000544243 0.10477037068416241 1716530321.6945431 -0.9999996828592325 -8.266081331717182e-08 0.0007964178725492301
0.6150313927524276 0.24413151103753553 0.10147075291871613 1716530323.8685415 -0.9999996829202087 -1.0714852260326283e-08 0.0007963413098898594
0.6150415172228242 0.2440676722222664 0.09679097434340514 1716530326.0998526 -0.9999996829202094 -1.071509798265904e-08 0.0007963413091940679
0.6149999885259942 0.24400919454907333 0.09382621355623852 1716530328.7997632 -0.9999996829203074 1.1029387657340821e-06 0.0007963404225229232
0.6150518677139631 0.2439445720878115 0.08914501043270721 1716530331.1531696 -0.9999996827670418 -1.9820463808111945e-07 0.000796533600490778
0.615023310783486 0.24388637568319427 0.08656297876633051 1716530334.0238245 -0.999999682761949 -2.045862239077385e-07 0.0007965399925092367
0.6150671207523458 0.24382050210991846 0.08179304223900107 1716530336.3901963 -0.9999996827722852 -1.9163393969529493e-07 0.0007965270191813058
0.6151006628082308 0.24376116884088736 0.0802972855734797 1716530339.7336202 -0.9999996825858304 -4.252214611766672e-07 0.0007967609791421785
0.6151307023733715 0.24368030727650344 0.07804262212892484 1716530343.1995053 -0.9999996890802522 -5.874341879435514e-07 0.0007885677230960324
0.614957879515316 0.2436158804669786 0.07753524397670532 1716530344.6860743 -0.9999996852985779 -6.02480097322951e-08 0.0007933490667667266
0.6148826596362166 0.24360623566050923 0.07758064283172791 1716530344.7466226 -0.99999968542696 -9.235382539075553e-06 0.0007931334622042749
0.6147199339418191 0.24357877446874707 0.0775129999146769 1716530344.7762325 -0.9999996828845018 1.972802126440111e-06 0.0007963837040809815
0.46896643725202036 0.20597060780462711 0.3028518176284044 1716530472.7192273 0.0007963023546866887 0.000796387616521365 0.9999993658344611
0.4227740964748423 0.19964018225376745 0.30905062023686913 1716530475.1842635 0.0007963023546361451 0.0007963876165932766 0.999999365834461
0.4217929475474895 0.19950154896447564 0.30905512252587425 1716530476.7828257 0.0007963023545673627 0.0007964691402892439 0.9999993657695334
0.4066291591508341 0.19963814242598676 0.3086252639889766 1716530477.707091 0.0007864337842637443 0.0008007607900124798 0.9999993701518318
0.40665145761534677 0.19964171709732823 0.30875316423125665 1716530478.8073034 0.0008027167619339745 0.0007978277007630616 0.9999993595581751
0.41027584240057785 0.2160286081644516 0.30883689948700455 1716530480.5742126 0.0007924356298519911 0.0007960316969602982 0.9999993691894561
0.41029215139890834 0.21602616952241147 0.30884560382159837 1716530480.8760166 0.000793321139488934 0.0007961192177336565 0.999999368417681
0.39536068102817784 0.21801273486920966 0.3089687363950784 1716530482.1087606 0.0007948086933378483 0.0007961162251601629 0.9999993672388484
0.39540054957417625 0.21802886443378466 0.3089902168394241 1716530482.9435327 0.0007957511419584753 0.0007962515978800859 0.9999993663815557
0.39167199126340835 0.23413630767006605 0.3090182620966151 1716530484.0870955 0.0007937841659315173 0.0007961926440727758 0.9999993679917861
0.3916718734823496 0.2341347281021066 0.30902211813569597 1716530484.1947799 0.0007942222857391247 0.0007962315257250684 0.9999993676129593
0.37721024853595464 0.23857212879146136 0.3091018840637054 1716530484.9155362 0.0007960595994814193 0.0007962706454390297 0.9999993661208859
0.3771478761960277 0.23848221594410204 0.308580159497913 1716530485.0743115 0.0007955849594502782 0.0007962237050046605 0.9999993665359914
0.37723360043517584 0.2385045332268338 0.30873102609741854 1716530485.5259974 0.0007952881908997834 0.0007962735954709434 0.9999993667323268
0.39196244493547017 0.24113366362291247 0.3088554698406032 1716530486.4116619 0.0007965824856421155 0.0007961074857278476 0.9999993658344063
0.3920209368264916 0.24113439869421346 0.30885735940571907 1716530486.7349825 0.000796492891422296 0.0007961970798988962 0.9999993658344409
0.3878045975158641 0.23409269522883192 0.3089897355121086 1716530487.0235662 0.0007883630097652387 0.0007960814665033321 0.999999372368835
0.38786334461097915 0.23411594841584726 0.3090102091641297 1716530488.0126932 0.0007942492614179893 0.0007962570214925774 0.9999993675712333
0.39982853735252194 0.22599809640090285 0.30903589032154216 1716530488.6829875 0.0007951955391931291 0.000796252587867491 0.9999993668227349
0.3998441027562342 0.2259921530406797 0.30901840587992646 1716530489.0479796 0.000799187678065386 0.000796939408654023 0.9999993630931144
0.38962282116181957 0.2136720028588344 0.30858692043066827 1716530489.9375322 0.0007964648882878279 0.0007961900203772389 0.9999993658623655
0.3897042080542144 0.21368678313603012 0.3087353445617014 1716530490.5967937 0.0007963705927002075 0.0007962318597323747 0.9999993659041514
0.40104398473349073 0.21257064903682463 0.30888350142995896 1716530491.0806835 0.0007918857362409551 0.0007960187062844151 0.9999993696354014
0.40111459287861173 0.21257020006532612 0.3088829857600943 1716530491.700188 0.0007940716102239917 0.0007961835499898316 0.9999993677708165
0.4103547176156755 0.2257250289117477 0.30896220745856984 1716530492.5878284 0.0007936610622121406 0.0007962216196468742 0.9999993680664258
0.41035466143846105 0.22571266623938935 0.30894662151589203 1716530492.6148913 0.0007942329928546356 0.0007962562677625378 0.9999993675847546
0.41155006423301577 0.2139031011901917 0.3089938131791924 1716530493.121952 0.0007924975599154415 0.000796175748302301 0.9999993690256986
0.41156608694782326 0.2139110990511832 0.30900332089839067 1716530493.1382332 0.0007923081788541928 0.0007962441433465911 0.9999993691213079
0.3963956066537773 0.21254996763498302 0.3085724351343848 1716530494.044325 0.0007959372849639101 0.000795827632977998 0.999999366570908
0.3965040075949387 0.21257129906838187 0.3087319176072021 1716530494.5850508 0.0007959585642432909 0.0007958637061556556 0.9999993665252621
0.39075849597261375 0.20096368213169225 0.3088896927175764 1716530495.147979 0.0007963230586921904 0.0007963669124919553 0.9999993658344625
0.3907684004575967 0.2010033905822325 0.3089173200873209 1716530495.1683705 0.0007963145940632589 0.0007963753772085614 0.9999993658344619
0.37748096255301666 0.1944616641346476 0.3090877462342729 1716530495.868624 0.0007963705919887665 0.0007961881506857828 0.9999993659389534
0.3774460383973435 0.1945095246100334 0.30858088411957296 1716530496.0900013 0.0007963705927863505 0.0007961330284283125 0.9999993659828391
0.3775567540502693 0.1945259971631659 0.30869670207022676 1716530496.4707427 0.0007963705927060271 0.0007962134103079578 0.9999993659188412
0.3852371047852201 0.2061117761478395 0.3088402216388367 1716530497.2033288 0.0007947478407457554 0.0007959345149850074 0.9999993674318588
0.38527610451450645 0.2060970723997344 0.3088342370368254 1716530497.3706925 0.0007952394781644917 0.0007960952490935441 0.9999993669130631
0.38327062871469536 0.18909440812812742 0.30890020170133414 1716530498.4728281 0.0007963705925393553 0.0007964138802810412 0.9999993657592042
0.38327626802018744 0.18910914020784614 0.3089075695942706 1716530498.4885168 0.0007963705926406962 0.0007964069992076376 0.9999993657646843
0.3927619070688782 0.17873565003178613 0.308932604181675 1716530499.2346852 0.0007963023549273685 0.0007961677632421919 0.9999993660095253
0.3927744427128766 0.178734632552746 0.3089236087360719 1716530499.2593567 0.0007963023549803155 0.0007961710080950078 0.9999993660069418
0.4000876959126785 0.16321424374941793 0.30893501436872184 1716530500.3255582 0.0007963018396428303 0.0007963881315813567 0.999999365834461
0.40009450191368967 0.16321841140036306 0.3089340821917828 1716530500.3432925 0.0007963069499897754 0.0007963830213113272 0.9999993658344614
0.38512157040211314 0.16562760467353593 0.3090545771077434 1716530501.141933 0.0007963023558504399 0.0007962145779829808 0.999999365972251
0.38511879483640765 0.16564916044651684 0.3090763791409283 1716530501.1657681 0.0007963023550162103 0.0007962030798094696 0.9999993659814066
0.3827330771819067 0.16335653386753055 0.30854369756679156 1716530501.416239 0.0007969204261388732 0.0007969374503912589 0.9999993649040656
0.38288145600545803 0.16336825513583286 0.30868276989997123 1716530501.9104478 0.0007965241376516114 0.0007965411616967996 0.9999993655355368
0.3677234076991149 0.1609651561176703 0.3088617621587738 1716530502.7192945 0.0007963433524537583 0.0007962849979260727 0.9999993658835327
0.36775590653486845 0.16098706491075818 0.3089041392960922 1716530502.8779116 0.000796371893553109 0.0007963317199186234 0.9999993658235985
0.36231683496444433 0.17029971259790305 0.3089185380137367 1716530503.3157935 0.0007963705926580814 0.0007962215343231917 0.9999993659123728
0.3623159515593054 0.17029883377051355 0.3089562988680905 1716530503.3954122 0.0007963705926643935 0.0007961860631612461 0.999999365940615
0.3674658246220665 0.15367212795898966 0.30897355296784 1716530504.4934254 0.0007966456589715469 0.0007966524082867874 0.9999993653501158
0.3674717591859678 0.1536822882631576 0.3089743830290474 1716530504.509473 0.0007966659035075843 0.0007966822966849465 0.9999993653101767
0.3720679863082394 0.16834716791017224 0.3090326305734751 1716530505.3523345 0.0007965994009886064 0.0007965861348630355 0.9999993654397608
0.3720618388934075 0.16832108913499164 0.3090224537884302 1716530505.3752089 0.0007965967907761809 0.0007965823439230179 0.9999993654448598
0.35699480675459727 0.17168894698228387 0.3085664582840779 1716530506.2395978 0.0007963705929137331 0.0007959945985476954 0.9999993660930382
0.3571109239999819 0.17169681219160957 0.30866809691808644 1716530506.6485128 0.0007963705927664653 0.0007961261528721865 0.999999365988313
0.3418912354925635 0.1733504421220364 0.30881897670336494 1716530507.3944836 0.02274742467828701 0.0007976856082776884 0.999740925624322
0.3393676870849695 0.17336512590265182 0.3087925736922549 1716530509.4163492 0.02237839197637679 0.0007961160249515173 0.9997492554494984
0.3239698847460621 0.17410268736602547 0.30596832583733935 1716530510.7049456 0.3224652498259483 0.000753947315922123 0.9465810024599762
0.2966182150383845 0.17467111538949426 0.29999371043536127 1716530511.6196995 0.37327788691398384 0.0007390035232601882 0.9277192856758039
0.28274195172890865 0.17437775036725525 0.29447852337600033 1716530513.6370623 0.3847304577274293 0.0007353034042332468 0.9230286746497894
0.28089656137844926 0.1736399914170394 0.29390389089737673 1716530515.518433 0.396416119882952 0.0007313625394917342 0.9180706536023147
0.2809829348830607 0.19127273756280364 0.29354088859799016 1716530518.9455805 0.40344869306107217 0.0007333955067812272 0.915001974969641
0.2794011511174351 0.1906076982384685 0.2931299868888321 1716530519.5637949 0.4034476658777499 0.0007289236477270799 0.9150024314547539
0.2822295276125697 0.20734087538147278 0.29428297964939754 1716530522.770489 0.40360789394532975 0.000724584094917218 0.9149317695450875
0.2817700976834935 0.20708477728332128 0.2941705314588823 1716530523.6257439 0.40327159755959957 0.0007349045639301243 0.9150800394047565
0.2881037696322365 0.22332862142577942 0.2965109616336693 1716530526.6138842 0.40199930353760344 0.000729430197492563 0.9156396823461012
0.2881922146057473 0.22325724805197836 0.2967185475686839 1716530526.8779566 0.402926165377996 0.0007291062874136401 0.9152321965806303
0.29313982676559863 0.2360069583940651 0.29866921771537075 1716530528.4757621 0.3221937447826259 0.0007540638792993074 0.9466734506737866
0.3024899408214589 0.2357533117233694 0.3017526166970961 1716530529.840966 0.3222341844923088 0.0007530456854454945 0.9466596871456883
0.3030369563467934 0.2357448992947607 0.30195899700887974 1716530530.240741 0.3222158654664946 0.0007535310233858526 0.9466659221883266
0.2996851091131238 0.2204188121654522 0.3008862137741997 1716530532.3736997 0.3266611100963602 0.0007536802702648655 0.9451412334231662
0.2996866436927179 0.2204107395705515 0.300863991627507 1716530532.3975205 0.3266694195774223 0.0007533268402510089 0.9451383617289173
0.2918714604220782 0.20965475370545433 0.29795045723298286 1716530534.581332 0.3277609501965251 0.0007578144211923171 0.9447603850943234
0.29187291801055903 0.2097197494646784 0.2981331434384832 1716530534.806562 0.328271264912275 0.0007561910500067745 0.9445831910467128
0.3056146908283329 0.21470759030245318 0.3027751185907776 1716530535.7762647 0.280594760744774 0.0007644744806632221 0.9598260237258373
0.3060835635312259 0.2147122118232354 0.3029300801938865 1716530535.8506382 0.2805916860432739 0.0007644751946163467 0.959826922575664
0.311642613473698 0.1995922516283169 0.3041361054397723 1716530537.6469615 0.15291573015011603 0.0007870902137589368 0.9882389184613467
0.319067539092375 0.1998931047801196 0.30575627621398005 1716530537.9014602 0.15291573015016843 0.0007870166501051394 0.9882389185199262
0.3122256645808054 0.21304062156496378 0.3045725916141233 1716530540.0583723 0.3874747389583705 0.000333407666857404 0.9218802609387351
0.2989872519799884 0.21324536894743823 0.30047230400309466 1716530541.9954247 0.28032836390123733 0.0007585517932800686 0.9599038665364531
0.30451143760811866 0.196358102884991 0.3021065436753618 1716530545.1152184 0.19326522651443404 0.0007814676719561364 0.98114623860493
0.3231874270827346 0.19679549458796672 0.30681272118389225 1716530546.2014766 0.1096523858880424 0.0007915549430821667 0.993969681484215
0.33836052323885424 0.19683726476682975 0.3083026512358365 1716530548.3689375 0.12671780421647355 0.0007799859302142834 0.9919385009749869
0.3375221921895974 0.19684183931709032 0.308339169893149 1716530549.2332242 0.10965238588800562 0.0007915885979813792 0.9939696814574173
0.3389744595589758 0.18189539498559276 0.3085870943387817 1716530550.482618 0.06619892918167437 0.0007964282212944991 0.9978061271997122
0.34581066957705986 0.18196016237211293 0.308660734643204 1716530552.3193533 0.0661991310704288 0.0007945799164719015 0.9978061152790539
0.3461748456842509 0.18196689855647316 0.3087840245304933 1716530553.0404754 0.12412223654773605 0.0008927968648263783 0.9922665334012561
0.3510342629901652 0.16595187820888083 0.30879021939436907 1716530554.4459274 0.0007963705926162034 0.0007963193786621978 0.9999993658344623
0.358877449668183 0.16595560661097578 0.30905145148422775 1716530556.2731385 0.0007963705922683439 0.0007967622700652212 0.9999993654816811
0.3468976011595077 0.1758591140398044 0.30856540502359886 1716530557.3658218 0.005425037740136884 0.0007993276948142395 0.9999849649073502
0.34693301916036395 0.1758678608786882 0.30867682886683095 1716530558.3176363 0.005732129818306607 0.0008018311408055928 0.9999832497369983
0.35694110603410817 0.18890546338422387 0.3088570560368088 1716530559.3205252 0.0007963705925827898 0.0007962849406344782 0.9999993658618854
0.35746642709963605 0.18890957800110064 0.3088682213520628 1716530560.3547482 0.0007966661856813223 0.0007966832098019535 0.9999993653092246
0.37011476315003944 0.18068660711790313 0.3089088488957676 1716530561.1843832 0.0007966009206084012 0.000796610051061827 0.9999993654194986
0.3702069523816367 0.1806864151434548 0.3089100282701008 1716530562.3939583 0.0007928007350837295 0.0007963679568085176 0.9999993686323366
0.35504957978512525 0.17769666554943708 0.30905573792300056 1716530563.4286559 0.0010346706945998311 0.0007963924642631627 0.999999147607435
0.35506403629852223 0.17777308683814858 0.30852807370366575 1716530564.5351412 0.0013585004130825524 0.0007965587436517353 0.999998759984629
0.35511823557250477 0.17778538809132752 0.30868133860919067 1716530566.4530332 0.001808654211645349 0.0007964670153299655 0.9999980472032114
0.3704133597743422 0.17774085624200223 0.30881182818335934 1716530567.4407413 0.0007967613412731861 0.0007967783655078193 0.9999993651575991
0.37052904689159205 0.1777436647923436 0.3088267589182889 1716530568.49096 0.0007880817136016747 0.0007963736378044662 0.9999993723579239
0.38502843222442196 0.17412026343205556 0.30890701303571594 1716530569.4774995 0.0007902047011208804 0.0008023774997915239 0.999999365883238
0.3850625022305767 0.1741177753884983 0.3089061879367469 1716530570.5059354 0.000802152969991434 0.0007972733179927223 0.9999993604527302
0.37243089062512313 0.16635853323567348 0.30906188140938295 1716530571.2693126 0.0007887650978014576 0.00079637893014489 0.9999993718149129
0.3724146979149101 0.16646946173761834 0.30850557318339217 1716530572.621871 0.0007964299938713981 0.0007964470178122811 0.9999993656855052
0.3725036361165709 0.16647571103622272 0.3086751053694531 1716530573.6208127 0.0007964553286589723 0.000796472352632773 0.9999993656451494
0.37951472915564316 0.1535631617900873 0.3087405982832581 1716530574.5596375 0.0007966389229780966 0.0007966559470457225 0.9999993653526629
0.3795266873749531 0.15357234602691663 0.3087376996789932 1716530574.5915415 0.0007966298690202472 0.0007966468931354954 0.9999993653670883
0.3828751356117365 0.17049611659913894 0.3088046213314788 1716530576.02712 0.0007965876525010378 0.0007965932119715658 0.9999993654434821
0.3828714502629507 0.17048318653378922 0.3088006972609242 1716530576.0529404 0.0007965734056343797 0.0007965721706066479 0.999999365471592
0.38526825735553594 0.1598559894502548 0.30884257189213915 1716530576.6321356 0.0007967311076289436 0.0007967481317559832 0.9999993652057769
0.38528814566811415 0.1598845299335502 0.3088463198532114 1716530576.6528866 0.0007967039541581619 0.000796720978259976 0.9999993652490446
0.37092633599781305 0.15516542555931065 0.30901387202220904 1716530577.678208 0.0007968114181503485 0.0007968284421700077 0.9999993650777974
0.37094292852894495 0.15518892859611505 0.3090555596933996 1716530577.8164134 0.0007966376983547311 0.0007966469899154076 0.9999993653607742
0.3573181450740943 0.15753435292255594 0.3086433415157383 1716530578.8279986 0.0007964053552079101 0.0007971652126613468 0.9999993651328656
0.3573798379168346 0.1575340156014643 0.30866877904145595 1716530579.098788 0.000796370592131726 0.0007970625729826766 0.9999993652423661
0.35134384501003824 0.17345433723691014 0.30874951487553093 1716530580.3482034 0.0020409399850649518 0.000803119298590229 0.9999975947787925
0.351344204293237 0.17345615368173234 0.30877189625199725 1716530580.732838 0.00213082504659177 0.0008026260293542774 0.999997407684679
0.35775037045185765 0.15738821603015474 0.30881577800249876 1716530582.149876 0.0007968833843157589 0.0007958065872457289 0.9999993658341728
0.35785642516459865 0.15739413129109503 0.3088254857496034 1716530582.7698927 0.0007964110724908751 0.0007961560088317451 0.9999993659323057
0.35780780796292844 0.17462403814426772 0.30887134617259293 1716530584.081045 0.0007963705927519502 0.0007962221867108756 0.9999993659118531
0.35786458603145826 0.17462477678085492 0.3088792833562151 1716530584.8082106 0.0007964175286665788 0.0007962547629003134 0.9999993658485353
0.3551396766751484 0.15741409482957103 0.30893447859072887 1716530585.9879582 0.0010520601625859636 0.0007963855991839732 0.9999991294693171
0.35514173453711717 0.15741842306543335 0.3089409097563711 1716530586.8483672 0.0010789488601902497 0.0007968260813449509 0.999999100468372
0.3467824739359803 0.1719858363536948 0.3089724573913206 1716530588.1580086 0.0011221183457311617 0.0007975032904727828 0.999999052419011
0.3467799358371701 0.17198532747415654 0.30897843207815684 1716530588.8914168 0.0011402784694686473 0.0007968262697250339 0.9999990324159859
0.35620498403276823 0.1578350802417926 0.3089920976096665 1716530590.2176435 0.0007963705921213128 0.0007969182825202242 0.9999993653573642
0.3562327800535976 0.15783588793184575 0.3089893152459355 1716530590.931563 0.0008030013092241986 0.0007921179362099076 0.999999363868834
0.3460636463639997 0.1445154610386021 0.3085423864878968 1716530592.3804245 0.0012850161304579868 0.0007969020508510835 0.9999988568396796
0.3460972093614561 0.144513851641882 0.30864048902428437 1716530592.9503217 0.0016048473216989652 0.0007969513173997323 0.9999983946655474
0.35946642707015924 0.13785388671111162 0.30871407658109834 1716530593.9209886 0.000819042592249502 0.06620062853330172 0.9978059961490651
0.18655594960976946 0.24703214604799684 0.11048212033603019 1716530707.4702706 0.9999996829225469 5.415415580384784e-09 -0.0007963383739643091
0.18522438682491366 0.24836377190816603 0.10759085521106995 1716530709.4883506 0.999999682998843 -8.627783555208566e-08 -0.0007962425549094302
0.18671525849577872 0.24309231018920543 0.11234025817079904 1716530719.6333792 0.9999996829225469 5.415415757615488e-09 -0.0007963383739604233
0.1852353284501421 0.24493977442248524 0.1105092052805013 1716530721.6575303 0.9999996831131157 -2.296057435799557e-07 -0.0007960989985930045
0.1849783879353249 0.24488797269622947 0.12821153639160973 1716530722.886375 0.99999968312764 -2.478267285717181e-07 -0.0007960807485696065
0.18669276971531965 0.23997503291872735 0.10916143118647544 1716530727.7480059 0.9999996829225469 5.4154155283939085e-09 -0.0007963383739692249
0.18524079628184395 0.2398103277585666 0.1065521120484153 1716530729.775099 0.9999996829227054 -3.308206809751024e-07 -0.0007963381062089186
0.1853589378133348 0.24065734518328766 0.12574818246566558 1716530731.7226346 0.9999996831319136 -2.5318801751968225e-07 -0.0007960753787411906
0.18512150053867943 0.2410639130973466 0.12576765140041607 1716530731.8012247 0.9999996829225469 5.415420130302397e-09 -0.0007963383739806823
0.18508594149600094 0.2417195916466394 0.14549066927144003 1716530733.826657 0.9999982546415058 2.1313864440722714e-06 0.0018683440259459943
0.186692031987891 0.23989109803698389 0.11005088615827015 1716530735.8486497 0.9999996829225468 5.4154155027817754e-09 -0.0007963383739613469
0.37568298255345073 -0.012532752799877228 0.10594882078469074 1716530747.6853888 -6.578158900831167e-07 0.9999996829359253 -0.0007963213020310285
0.39849799063205804 -0.015359536833746565 0.11748588038468377 1716530749.7162166 -5.696037728753479e-06 0.9999996828327151 -0.0007964308032202578
0.38453820316038917 -0.015413233081874214 0.11529764084531216 1716530753.6874614 -7.667408469658331e-07 0.9999996829359167 -0.0007963212155233451
0.3846226629441962 -0.015410433324635889 0.11534750153311525 1716530753.76424 -8.312865622375469e-07 0.9999996829359062 -0.0007963211640658299
0.3987749196158505 -0.014674766366445283 0.11810919779399655 1716530755.7874897 4.5703688629668816e-06 0.999999682923349 -0.0007963242514061027
0.40325828080968756 -0.014992611292094046 0.11588698192322486 1716530757.8130467 -7.240598266302011e-07 0.9999996830213089 -0.0007962140149657751
0.40515840873961745 -0.014676287837676466 0.11860966790558965 1716530759.8400507 1.3457729356778994e-06 0.9999996845261967 -0.0007943209023892641
0.40928641215998984 -0.014995859527671199 0.11603281634596212 1716530761.8722785 -8.303219330795993e-07 0.9999996803449595 -0.0007995681895110452
0.3913315117639161 -0.014779576512391118 0.11637575397813536 1716530763.9054503 -8.700126992460334e-07 0.9999996831059542 -0.0007961075520974581
0.3919808964725259 -0.014988935315348798 0.11598651651707066 1716530765.3871787 -6.97392930823495e-07 0.9999996829684314 -0.000796280447046327
0.38817775043932123 -0.014795676259481028 0.11427256535743918 1716530770.0001867 -6.578860186539274e-07 0.9999996828657832 -0.0007964093799947575
0.38864836278309695 -0.014989845695303719 0.11399561143227391 1716530771.2637987 -7.731576137253411e-07 0.9999996829984906 -0.0007962426266447356
0.4029715609075559 -0.014660777591224292 0.11534849295604441 1716530772.0441353 -8.960594110068642e-07 0.9999996829358914 -0.0007963211123086143
0.4050312075148685 -0.014969222595655501 0.1139993845150219 1716530773.8009577 -7.177857262158366e-07 0.9999996810449432 -0.000798692366720119
0.39681248650954026 -0.014801867542110353 0.1140791899981889 1716530774.078411 -6.577867033796501e-07 0.9999996829651219 -0.0007962846370458908
0.3970643034728217 -0.014990752718254008 0.11399548370228521 1716530774.6915524 -6.57819989453062e-07 0.999999682931841 -0.0007963264309744173
0.41597587569898525 -0.014698294072356191 0.11548075928031008 1716530776.1231534 -6.577484162452832e-07 0.999999683003397 -0.0007962365684821326
0.41822406963814385 -0.014985972662727762 0.1141295575129277 1716530778.0211303 -6.578149588762794e-07 0.9999996829368921 -0.0007963200880085427
0.4163503916045676 -0.015385383852743975 0.1136346050076934 1716530778.877937 -6.578008007974404e-07 0.9999996829513049 -0.0007963019886505536
0.4163600019243507 -0.015380224531640521 0.11362956430249763 1716530778.957327 -6.577844479799371e-07 0.9999996829674642 -0.0007962816953898095
0.42533578442634545 -0.01467427317333346 0.11612095474764213 1716530780.193313 -6.578149422430271e-07 0.9999996829368921 -0.0007963200880305285
0.42890794274383026 -0.015001149803233554 0.11411317954957723 1716530782.2382271 -9.099369442900262e-07 0.9999996775788457 -0.0008030201598428253
0.4486895677931786 -0.014742936579175928 0.1151779939614101 1716530784.2847557 -6.57911877357915e-07 0.9999996828399695 -0.0007964417918565111
0.45045719133670403 -0.015009520088055561 0.11431821994806372 1716530786.1357563 -6.819386837942048e-07 0.9999996830008706 -0.0007962397209926029
0.4440213650356978 -0.01484689278589782 0.11387415250010666 1716530788.3620045 -8.195550300578628e-07 0.9999996830657617 -0.0007961580902091664
0.44442995765999366 -0.015030636620732535 0.1137042555093149 1716530789.5338898 -6.705936674949575e-07 0.9999996829470758 -0.000796307288919314
0.43133692263672296 -0.015053606996782237 0.11211332297251667 1716530793.4783661 -7.538609275741284e-07 0.9999996828147446 -0.0007964733779965394
0.43134402520299436 -0.015050785806926176 0.1121143039222857 1716530793.5469773 -7.627141364867521e-07 0.9999996828529999 -0.0007964253374031729
0.4211066144736775 -0.014800407261117227 0.11028520278809714 1716530798.574369 -6.581995760869538e-07 0.9999996825521386 -0.0007968031055057727
0.42148631690602323 -0.015003856345671723 0.11013324967292418 1716530799.7071874 -6.581367893398039e-07 0.9999996826149902 -0.0007967242221738396
0.42745470849900563 -0.014660457270336866 0.11241470418606939 1716530800.632604 -6.578149381854929e-07 0.9999996829368922 -0.0007963200880476617
0.430801943541519 -0.014989742442525739 0.11056275064420276 1716530802.6804707 -7.960878976092906e-07 0.9999996828490391 -0.0007964302778922472
0.43665743703828713 -0.014688674186429426 0.11340397768279664 1716530804.7108686 -6.593926026959384e-07 0.9999996813573131 -0.0007983012199355128
0.44072309269779397 -0.015020659426622618 0.11131611541968839 1716530806.756963 -7.207789606041131e-07 0.9999996781023202 -0.000802368205307308
0.45070040102615544 -0.01479848529617897 0.10994079258536976 1716530812.8819034 -6.578149663271827e-07 0.9999996829368922 -0.0007963200880045792
0.45174665098914374 -0.015018872792043766 0.10945655172423863 1716530814.3273683 -7.570733922575743e-07 0.9999996755105854 -0.0008055918016865577
0.46218920053863355 -0.014360118361162896 0.10901216728127776 1716530816.955925 -0.10886089114859691 0.994056743608325 -0.000704886619466862
0.47451619007113427 -0.013047586242313183 0.10866668299903037 1716530821.043022 -0.1519086252962806 0.9883943202464891 -0.0006612602174948272
0.48098776205130633 -0.01230568099128082 0.10827754855148818 1716530823.0814443 -0.1521183493272392 0.9883620616011624 -0.0006655715259676814
0.4980356155612032 -0.006435795978951858 0.1056538119641105 1716530824.9332736 -0.48098730409788515 0.8767275026985001 -0.00031513282929256065
0.5071303160277116 -0.00398988093227258 0.10572339708964161 1716530825.1392493 -0.480999867657553 0.8767206100049446 -0.00031512850484346534
0.4978944345602421 -0.00796819730097216 0.10021765496059862 1716530831.2361028 -0.32176286405232124 0.9468201579924965 -0.0004977307621922306
0.5086668857989957 -0.00400825195312203 0.10046751699104024 1716530835.3216834 -0.3872198861160106 0.9219872984303238 -0.000425827966356848
0.5177011149678387 -0.0008804643843795812 0.09987067040656648 1716530837.2676928 -0.3855077554558608 0.9227044972105359 -0.00042580610190333775
0.5168687739591632 -0.0005825417794902699 0.09917756818052664 1716530839.3963132 -0.38736535191644955 0.9219261882112525 -0.00043315691796589625
0.5177956348450232 -0.0006212778801043956 0.09868566669612544 1716530841.0615346 -0.3882248946421254 0.9215645643340822 -0.0004300509785134077
0.5202525237834142 0.0008058981994623765 0.09452747469616495 1716530843.449427 -0.40314076149818734 0.9151378871159058 -0.00041711353078697697
0.5225308598747929 0.0014164514781088156 0.09416617109055664 1716530845.4968624 -0.510881451373069 0.8596511697880873 -9.447179429450762e-05
0.5060354962871879 -0.005019138351456703 0.08738380385972304 1716530849.5663111 -0.4510463910765991 0.8925004144056822 -0.0004042059640720939
0.5128460654442687 -0.002656206853261553 0.08663209136908533 1716530851.6013277 -0.3624426271869909 0.9320059743913667 -0.00045353786070865453
0.5191827538986005 0.00048394848294806836 0.07936476885220363 1716530855.6873372 -0.4422902301211839 0.8968719090752018 -0.00036200988008766046
0.5189733088149122 -9.774749068396094e-05 0.07865355959555737 1716530857.7135966 -0.4409954180347574 0.8975092796986929 -0.0003662336453701881
0.5123269573152155 -0.002625078883238388 0.07087155123611884 1716530863.7924623 -0.36244262718622766 0.9320059743916637 -0.00045353786074145
0.5026181384315949 -0.006167208173139177 0.07045491583937238 1716530865.822716 -0.4500170605964581 0.8930198882101585 -0.00035275096001620616
0.5131503947816918 -0.0024911875161762465 0.07038500526140137 1716530867.8527458 -0.36244262724969406 0.932005974328246 -0.00045361745607147834
0.521920879217742 0.0016502414700786255 0.06366855556692042 1716530871.9104567 -0.4421843264511293 0.8969241295094078 -0.00035685396483709815
0.5219253030930797 0.0012379821544760417 0.062820266769103 1716530873.9519022 -0.44201458121889853 0.897007791884417 -0.00036233758328498423
0.5358169135714014 0.009422114412324767 0.054617831576541175 1716530877.9957767 -0.5913100221933764 0.8064443119576241 -0.00017136179085037559
0.5518020175095393 0.020569705165050245 0.05543078078588894 1716530882.058038 -0.6180959453361035 0.7861026490308621 -0.0001659690631268974
0.5548515313988338 0.023088666205827627 0.0558410940993266 1716530886.1108904 -0.6257912179191921 0.7799906002550313 -0.00012283733363480537
0.5555486299612206 0.023673130318812546 0.054873821289439545 1716530890.1729827 -0.6304964685174475 0.7761921082642012 -0.00011939598895483113
0.5574264524678493 0.02431509439412379 0.05232513242276673 1716530892.2017074 -0.6337300895421479 0.7735542378716413 -0.000121159916324878
0.39931656433261054 0.41429152287786436 0.13664199607964972 1716530949.259381 1.3449181080771817e-06 -0.9999996829439122 0.0007963104085638443
0.3967247972941632 0.414291929522919 0.1271131733611038 1716530951.2965486 6.578082906039156e-07 -0.9999996829441643 0.0007963109558950544
0.37902923782383496 0.41428178241755753 0.12778962297464888 1716530957.581989 6.578156466616209e-07 -0.9999996829359252 0.0007963213021475035
0.3796082428589634 0.4142615413046374 0.128013265518592 1716530959.9184797 2.4183839878083105e-06 -0.9999996815401766 0.0007980687294878726
0.3795445386755008 0.4141532535385082 0.12709157856353437 1716530961.906261 1.024946272037759e-06 -0.999999682651897 0.0007966775099717849
0.3795381736955706 0.4140769996399146 0.1270293884365144 1716530961.9240284 9.414449113672268e-07 -0.999999685931244 0.0007925506464898807
0.37958674303614404 0.4141825217282336 0.12688194498795163 1716530962.064237 8.864103633359343e-07 -0.9999996827622126 0.0007965391946425146
0.3796070685496535 0.4141843248838771 0.12687764983610395 1716530962.0869133 1.0301976510750346e-06 -0.9999996826477149 0.0007966827526607182
0.38618035590837274 0.41422592889357823 0.12546990102167369 1716530966.2406151 6.578159380705753e-07 -0.9999996829359253 0.0007963213020750146
0.3861872907083779 0.41420846568963116 0.12547993061287027 1716530966.263363 6.578157294351557e-07 -0.9999996829359254 0.0007963213020400102
0.37193751889788607 0.4143000199087335 0.12379885148966542 1716530974.5044086 -6.821330793878317e-06 -0.9999996834884319 0.0007955982060509971
0.37223577593767104 0.41424593591322334 0.1245450264062582 1716530975.303691 -6.581211192479856e-06 -0.9999996800173659 0.000799951157011713
0.37223460258311014 0.414182468717774 0.12452307852129199 1716530975.3469033 6.801205106417924e-07 -0.9999996829536997 0.0007962989627216556
0.3722495840412432 0.4141460894985454 0.12447776447263019 1716530975.3657553 2.4402184641063585e-06 -0.9999996828710025 0.0007963993596162774
0.35447733183829194 0.4142659679221913 0.12467375390848327 1716530979.2365243 4.450153485394511e-07 -0.999999682944147 0.0007963111247774235