5.0 2.0 0.0 0.0 0.0 -1.0
5.0 0.0 2.0 0.0 -1.0 0.0
7.0 0.0 3.0 0.0 -1.0 0.0
9.0 0.0 1.0 0.0 -1.0 0.0
9.0 0.0 4.5 0.0 -1.0 0.0
2.0 0.0 1.0 0.0 -1.0 0.0
2.0 0.0 4.5 0.0 -1.0 0.0
3.0 0.0 4.0 0.0 -1.0 0.0
0.5 0.0 4.0 0.0 -1.0 0.0
1.5 0.0 2.0 0.0 -1.0 0.0
9.99 0.0 2.0 0.0 -1.0 0.0
10.0 1.0 1.0 1.0 0.0 0.0
10.0 2.0 2.0 1.0 0.0 0.0
10.0 1.0 4.5 1.0 0.0 0.0
10.0 3.0 4.5 1.0 0.0 0.0
10.0 3.99 3.0 1.0 0.0 0.0
10.0 3.99 1.0 1.0 0.0 0.0
9.0 4.0 1.0 0.0 1.0 0.0
7.0 4.0 2.0 0.0 1.0 0.0
5.0 4.0 3.0 0.0 1.0 0.0
2.0 4.0 2.0 0.0 1.0 0.0
1.0 4.0 4.5 0.0 1.0 0.0
3.0 4.0 4.99 0.0 1.0 0.0
0.01 4.0 4.0 0.0 1.0 0.0
0.0 3.0 4.0 -1.0 0.0 0.0
0.0 2.0 1.0 -1.0 0.0 0.0
0.0 0.5 1.0 -1.0 0.0 0.0
0.0 1.0 2.0 -1.0 0.0 0.0
0.0 0.01 3.0 -1.0 0.0 0.0
0.0 0.01 4.99 -1.0 0.0 0.0
1.0 1.0 5.0 0.0 0.0 1.0
2.0 0.1 5.0 0.0 0.0 1.0
2.0 2.0 5.0 0.0 0.0 1.0
4.0 2.0 5.0 0.0 0.0 1.0
6.0 1.0 5.0 0.0 0.0 1.0
7.0 1.0 5.0 0.0 0.0 1.0
8.0 3.0 5.0 0.0 0.0 1.0